18263
34390
2403
22247
22195
11552
19081
65280
28437
22325
55251
64338
64063
49060
3832
5242
18688
30672
34800
54487
43419
21493
51728
26583
64452
17965
52729
48197
17657
25107
19596
18863
59854
4128
23864
8335
29920
16192
10801
39987
51065
51547
63205
901
21485
27836
32644
9269
35681
40139
61119
57705
421
28797
38035
21906
20203
20659
60666
29970
23004
62584
54039
42743
14899
12593
23621
172
9637
10566
24892
21254
985
14643
16877
331
7117
29000
46548
20313
25187
32241
13674
63961
61512
10625
42436
11248
2622
30066
52198
20520
33578
64975
48626
32764
30851
36049
4988
3349
63744
38480
14334
33562
55307
42784
43336
44825
10152
37883
31634
29806
50052
35377
35966
9398
19458
49867
59666
31545
33918
62114
4144
29319
28172
8199
40435
48835
46262
1271
13411
32508
12882
54139
65036
36308
54281
5530
16046
64507
6332
33460
4251
36867
31448
19975
41341
27880
21024
30099
10975
9612
19917
35208
8362
54758
26411
56263
62836
19597
48445
57406
43291
46902
58492
8954
38110
40135
59305
47968
32896
38419
8467
46547
41186
11600
44039
63980
18792
31356
64861
44043
41383
33220
5602
41260
55123
30644
10890
60477
64703
61171
53878
53463
62828
35700
8954
37
38785
16655
19286
13997
4622
56860
32225
25738
63327
53208
22598
2500
14415
46173
45434
28150
21551
38743
14155
43526
57375
12570
43106
62450
58229
24075
40746
23674
58571
23693
51191
54412
40762
27571
19917
16741
24802
50160
9945
2608
60921
54798
26960
36182
17875
27420
48087
32308
56490
62266
26530
17076
17602
47101
16121
64159
3836
5004
62981
9560
1387
30141
20336
40456
9526
16141
34516
26187
46861
3073
12939
64657
6766
21747
49505
37307
48823
36016
10510
43354
2279
38336
3274
40363
42362
18691
59774
15352
54755
21227
54290
37901
28736
13541
18244
1485
33072
14630
61175
14131
14954
32228
28605
37697
14396
27833
53297
11214
17254
24887
28560
50497
55160
31105
46884
42984
40662
31375
58341
51076
14419
60032
10292
25234
24078
31697
54360
26748
34076
14106
23615
33842
22769
31695
46020
24558
53135
38503
11500
41892
45949
53432
28472
57753
20958
13111
16591
28837
56453
47305
17338
29039
5493
11688
57246
34865
2415
60021
52392
20280
13777
53626
58350
5071
8698
33563
24030
63410
39207
27258
46380
16630
42583
45544
17900
10617
50097
10915
4575
20997
22812
60060
1539
37973
24028
42983
46929
1651
24032
25142
58983
55731
8372
37296
41270
23608
3210
5573
36748
52581
8005
24708
45301
14491
61590
41448
31027
62965
52940
60526
2454
23245
19170
49081
4630
9246
49904
2314
21138
5909
62410
21028
31767
39236
52833
32862
24826
48501
43676
36084
39408
40176
7059
2004
31661
15093
46764
58635
62671
37290
56439
5387
36000
30994
15770
10139
45427
37320
25432
51783
5734
15100
55693
19522
26019
23800
53844
36031
45695
48276
51564
21621
8224
59293
4623
14611
12824
9058
35942
53397
24154
11608
27534
21658
14414
58858
55627
29061
64670
62
62563
3171
18958
43551
43398
25542
26234
28320
63382
19728
56620
49122
32448
3909
28292
362
43253
49384
58704
18613
8567
15740
15838
34155
48048
3016
47820
21026
54796
38282
48380
18982
59508
11983
64637
42115
27934
54361
45221
49388
2660
38887
15170
52247
41780
9483
34610
12123
15783
920
53951
61086
64258
33839
31597
47252
21859
435
20574
21485
40143
9864
17319
22710
4713
40911
11987
9254
52434
29277
64743
36466
48859
30370
31128
49804
14720
14493
25412
22220
13979
6572
8476
22565
47647
33106
45503
53081
61253
45770
26010
38294
5415
27951
46415
19333
17928
26007
50137
28659
3389
25644
47060
59850
13473
61628
15441
41068
17094
1925
59698
48581
37441
58767
41569
64279
28524
9093
54730
29860
12335
47282
56992
17716
8215
11264
19214
61790
30055
57460
46203
4021
22817
42075
50154
48792
38799
12344
43162
16102
32730
12926
6192
23623
13040
41524
6856
21625
31636
547
45915
24411
52835
52004
33624
17755
16342
35923
2119
4624
52056
17892
2367
41225
55411
52476
20652
50085
23899
32513
21344
5214
40845
28410
59524
16034
26574
27314
36034
56827
31960
32006
48818
60652
35767
55763
4261
40651
60577
46164
25980
2367
17103
21698
6337
3406
5219
43999
18108
56810
41025
40265
5392
30369
23029
41377
24804
30919
12986
15084
2549
42089
51610
58693
47899
27873
36538
48970
28328
45864
5756
34313
28712
12861
15186
49762
35629
41113
10344
8151
51447
29864
5810
61678
16969
56851
63675
25046
24779
10904
52025
59697
35122
65308
63463
12028
46726
40309
39140
3283
35826
45223
21508
1872
57247
42194
35421
57524
41658
33190
16456
48886
19082
13942
10231
3548
51615
43495
52320
26167
40917
5436
56923
39133
16755
59504
61953
44042
55848
55586
39356
28499
24003
50883
15923
62183
40671
49942
35280
64873
18721
2762
58147
50648
47634
53078
40415
5997
46668
58700
3723
23070
25118
16750
2985
9722
2513
30512
6122
20435
36874
30004
7940
11571
34113
39916
31021
62055
19313
6207
41816
64015
25115
33765
35710
53213
16817
4036
29543
31437
38897
36258
45391
39973
24978
14036
7950
2534
16000
63758
60907
64516
32174
53597
8673
15673
6581
33853
59914
331
10561
2164
55512
40251
58070
48470
3146
55404
7211
1227
16488
33370
20300
55720
39804
26025
27728
17484
34752
14579
43722
11793
55329
22099
54178
38980
45318
30324
6083
63786
39329
30960
2934
53663
51668
7331
11892
3049
17139
1340
65279
33044
49725
16905
49141
436
53728
56136
14336
22847
35883
30981
63494
9480
25351
42818
29211
45337
63457
22807
62882
53811
50252
17816
45647
23872
46554
24645
14211
9677
38500
47500
39297
38651
364
23747
59156
2273
3480
34408
59949
61432
47835
45372
8598
14590
39165
16866
25234
25128
8894
61533
56412
48795
38587
50283
7674
25405
64493
32392
58997
24707
49941
29292
43252
33694
37973
8910
55072
1856
16213
47026
54689
35053
6245
45711
28124
44967
58581
62610
9820
9320
40953
19819
1537
32784
6072
51833
22128
23988
38641
61790
17693
53203
29717
60414
8613
35569
32473
35112
6291
29965
32685
21151
60603
14106
35410
63858
27707
30936
348
709
23106
43022
15905
6963
49383
26215
48880
21693
10321
52689
5902
1123
61223
50618
10513
4020
60673
17617
12034
31215
